index_sequence，x_min,y_min,x_max,y_max
0,207,167,221,182,220,178,234,192,284,188,299,203,288,196,303,212,286,204,300,218,179,209,210,240,282,212,311,237,197,221,210,234,272,221,285,234,157,222,170,235,292,227,305,241,295,227,308,240,297,228,312,242,153,229,166,242,194,229,207,242,274,229,309,261,193,231,206,244,292,231,305,245,150,233,163,246,172,233,211,279,293,234,306,247,321,234,334,247,294,236,307,249,323,238,336,251,175,240,188,253,324,242,337,255,160,243,174,257,315,244,335,267,298,246,311,259,154,248,174,273,326,248,339,262,294,253,309,268,150,254,163,267,299,254,312,267,327,255,340,270,301,257,314,270,298,258,313,274,143,259,156,273,155,262,168,275,307,263,321,276,327,264,340,278,142,267,155,280,326,267,340,288,143,270,156,284,177,271,193,288,143,275,157,291,144,281,158,298,181,281,194,294,145,287,159,302,176,290,189,303,146,292,160,308,175,292,188,305,147,298,164,320,309,299,322,312,168,310,182,324,175,314,189,329,242,352,262,366,239,359,256,375,
1,207,169,221,184,220,178,234,192,210,188,229,204,284,189,300,205,288,197,303,212,286,205,299,218,201,208,214,224,180,212,209,240,282,212,316,241,200,217,213,230,197,221,210,234,275,229,308,261,318,229,331,242,180,233,212,260,322,237,336,251,176,238,189,251,159,242,174,257,313,243,335,267,171,244,204,279,155,247,174,269,326,247,339,261,287,251,301,265,327,254,340,267,327,257,340,270,154,258,168,272,143,259,157,274,188,263,203,279,326,265,340,288,143,268,156,281,187,268,200,281,177,270,193,288,143,271,156,286,143,276,157,291,325,278,339,296,182,279,196,294,144,282,158,297,145,287,159,302,168,287,181,300,309,290,322,303,146,291,160,308,174,295,187,308,147,297,162,314,173,298,186,311,149,305,164,322,168,310,182,325,239,356,257,374,234,360,248,373,280,360,295,376,
2,207,170,220,184,219,179,234,193,285,190,301,207,207,193,220,206,205,196,218,209,203,198,217,213,288,198,303,213,202,202,215,216,286,205,299,218,281,212,319,242,191,216,205,230,310,217,323,230,180,220,200,240,196,221,211,236,193,227,208,244,291,228,304,241,273,229,310,260,318,229,331,242,172,234,211,279,322,237,336,252,313,242,336,267,159,243,173,257,154,247,175,269,326,247,339,260,144,251,158,265,289,252,302,265,192,258,205,271,143,259,156,274,154,260,167,273,327,262,340,276,189,263,202,276,143,264,156,280,326,265,340,288,143,270,158,293,177,271,192,289,185,271,198,285,325,277,339,295,145,282,159,297,146,288,162,314,176,290,190,305,309,290,323,304,174,294,188,309,149,304,164,322,168,310,183,325,182,325,195,338,280,352,298,375,
3,206,173,219,187,219,180,234,193,286,192,301,207,288,198,303,214,285,204,299,218,280,212,322,246,310,217,323,230,160,220,173,234,181,220,200,239,196,221,210,236,274,229,309,260,172,234,211,280,182,236,197,250,149,238,162,251,313,242,336,268,147,243,160,256,154,247,174,269,144,250,158,265,326,256,340,269,144,261,157,274,154,261,167,276,326,262,340,280,143,267,157,281,327,269,340,283,176,272,192,288,324,272,339,293,144,273,158,291,145,281,159,297,146,286,160,302,147,291,161,308,174,295,187,309,148,297,163,315,150,304,164,320,151,309,164,322,169,310,183,325,281,351,300,373,241,357,258,373,237,361,251,375,
==============EndOfCase==============
0,250,244,267,261,270,253,286,269,241,256,258,273,291,258,304,271,280,264,299,284,227,272,240,285,229,274,242,287,274,275,306,312,214,276,249,305,206,280,219,293,204,284,217,297,201,290,214,304,295,292,317,320,200,293,213,307,211,293,230,311,199,296,212,310,197,300,211,315,197,301,218,332,306,301,320,320,286,303,302,319,289,308,303,322,308,309,321,322,292,311,307,325,306,311,322,344,206,315,219,328,298,317,313,335,195,318,208,331,195,321,208,336,208,324,221,338,195,325,210,357,201,336,216,351,203,341,225,357,216,343,229,356,198,346,213,364,215,346,230,360,
1,250,245,266,263,270,253,286,269,242,256,258,271,248,256,265,270,279,264,299,287,210,276,247,309,302,276,315,289,274,277,306,311,283,279,296,292,201,289,214,302,200,293,213,306,301,295,317,313,199,297,212,310,198,299,219,332,198,301,211,314,206,301,220,315,297,301,310,315,306,301,320,320,197,304,210,318,287,304,302,319,295,305,309,319,298,305,311,318,289,307,303,322,308,309,321,322,293,311,307,324,307,311,322,340,287,312,300,325,289,313,302,326,298,317,314,334,195,319,208,336,303,319,316,332,195,325,211,359,206,325,219,338,200,330,215,350,309,330,322,344,308,333,321,347,301,336,320,356,203,341,224,356,298,345,313,359,214,346,229,361,198,349,212,363,217,351,232,365,
2,240,243,253,256,249,246,266,264,269,254,285,270,242,256,258,271,249,256,263,269,247,257,260,270,269,259,282,272,279,263,301,285,274,265,287,278,213,270,249,311,229,270,242,283,290,272,303,285,292,273,305,286,282,275,295,290,302,276,315,289,274,277,308,311,204,283,217,296,201,289,214,302,200,292,213,306,301,293,317,313,306,293,319,306,199,297,212,311,210,300,226,315,306,301,320,320,198,302,211,315,287,303,303,321,197,305,219,332,295,305,309,319,307,311,323,340,298,316,313,333,303,318,316,331,195,321,211,361,205,324,221,340,199,329,215,349,205,329,218,343,310,330,323,344,208,336,221,349,209,338,222,351,205,341,218,354,208,342,224,357,215,346,229,360,
==============EndOfCase==============
0,251,213,265,226,268,216,285,234,256,217,271,233,274,225,288,238,234,226,270,256,241,229,254,242,225,232,241,248,289,236,302,249,312,236,325,249,222,237,236,251,294,237,313,256,290,238,303,251,220,239,233,252,317,239,331,253,320,242,333,255,323,244,336,258,227,245,240,258,307,245,334,266,218,246,256,300,326,248,343,265,219,251,233,264,300,251,315,266,205,252,219,266,289,252,333,295,306,253,319,268,201,255,217,272,212,255,226,269,323,255,336,268,325,256,341,272,208,258,224,275,334,260,348,274,327,261,340,274,328,263,341,276,198,265,212,279,330,265,348,286,205,267,218,280,197,268,210,281,196,272,209,285,200,272,218,292,196,274,209,287,335,278,348,291,233,281,247,296,199,282,212,295,204,282,219,297,199,285,213,298,200,287,214,302,207,287,220,300,228,290,241,303,201,291,215,305,226,293,239,307,203,294,217,308,204,297,226,336,318,299,331,312,325,299,338,312,222,300,237,316,213,303,226,316,221,306,236,323,314,308,327,322,222,316,235,330,217,325,235,342,312,325,326,340,221,332,240,352,221,347,237,362,
1,268,217,284,235,256,218,271,235,230,231,243,244,225,233,241,249,245,233,258,246,309,234,326,250,238,235,256,257,293,237,312,256,302,239,315,252,316,239,344,267,305,245,327,268,218,246,258,299,211,251,234,270,301,251,315,266,317,251,331,264,288,252,332,291,205,253,218,266,200,256,216,274,325,256,341,272,333,258,346,271,334,260,347,273,198,265,212,279,330,265,347,286,206,267,219,281,197,269,210,284,337,269,350,282,205,270,218,283,201,273,219,293,334,277,348,290,315,278,333,295,320,278,333,292,333,279,347,293,205,282,219,296,233,282,248,299,330,283,344,297,199,285,212,298,319,285,332,298,207,286,221,300,200,287,214,302,218,287,232,301,230,288,245,303,201,291,215,305,202,294,216,308,225,294,241,311,325,296,339,309,203,297,226,340,325,298,338,312,223,300,237,314,318,301,331,315,324,301,338,316,213,303,226,316,222,303,235,316,324,305,338,319,219,306,235,323,321,308,337,331,313,320,334,347,312,324,327,339,218,325,234,343,212,329,227,352,221,333,244,354,236,344,249,357,
2,251,215,264,229,268,218,284,236,256,219,271,235,234,228,247,241,244,228,266,249,231,231,244,244,289,236,302,249,311,236,324,249,221,237,238,253,293,238,312,257,237,239,255,258,290,239,303,252,302,239,315,252,317,240,330,253,321,243,336,258,215,244,228,257,306,245,329,265,218,246,260,300,293,247,306,260,325,247,342,264,208,250,221,263,290,251,332,291,319,251,332,264,301,252,314,265,330,253,343,266,204,254,217,267,202,256,216,271,325,256,341,272,332,257,346,271,200,260,214,274,200,263,213,276,330,266,347,286,198,268,211,281,337,269,350,282,337,271,350,284,201,274,219,294,335,276,348,289,317,281,331,295,310,282,323,295,199,284,212,298,206,284,221,299,200,288,213,301,208,288,222,302,229,288,244,304,201,290,214,303,201,292,226,334,210,295,223,308,225,295,240,311,326,295,339,309,325,298,339,312,223,300,237,314,321,301,338,331,222,303,236,317,219,306,235,323,313,318,326,331,221,319,235,337,215,320,229,333,313,324,327,338,219,325,237,344,220,333,242,354,236,345,249,358,238,346,251,359,
==============EndOfCase==============
0,251,132,286,149,245,133,260,146,240,134,255,147,233,135,251,149,229,137,244,151,275,137,288,150,277,138,298,156,227,139,240,152,225,140,238,153,234,141,255,156,276,144,292,160,287,145,301,159,226,146,239,159,223,147,237,162,281,148,296,163,292,150,315,174,284,152,325,215,211,153,231,173,251,153,271,167,264,156,278,169,224,157,245,174,267,157,283,171,182,162,223,212,213,165,233,186,290,173,303,186,292,176,305,189,209,184,222,198,207,188,221,204,176,194,220,264,313,198,346,228,188,200,201,214,172,201,194,226,292,201,344,270,314,208,328,222,205,212,218,226,170,215,185,231,328,218,343,232,333,221,347,235,171,223,185,236,166,224,181,239,330,224,343,237,337,224,351,238,342,224,359,239,171,225,186,239,331,227,344,242,159,234,175,251,353,237,366,250,294,238,316,255,150,241,174,269,353,243,367,257,357,245,380,269,177,253,201,275,181,253,195,266,316,256,330,270,150,258,168,273,316,260,330,274,150,262,163,275,337,265,363,296,333,266,348,280,147,267,160,281,145,273,158,287,157,274,173,288,369,274,382,287,338,284,351,297,371,285,384,298,353,288,366,304,155,292,172,310,144,294,157,307,163,294,176,309,156,301,171,314,166,308,179,321,166,312,180,328,148,314,161,328,343,314,357,327,344,318,359,334,150,320,163,333,335,320,349,334,165,322,178,335,345,325,359,339,346,328,360,345,163,329,176,343,166,340,180,354,168,351,182,365,334,355,347,368,349,359,362,372,186,371,211,390,200,377,221,393,226,385,239,398,245,387,259,401,
1,244,133,260,147,250,133,281,149,235,134,255,149,271,136,293,154,228,138,244,152,217,141,238,159,234,141,254,156,243,142,256,155,282,142,297,156,229,144,245,158,275,145,295,163,286,145,301,160,220,148,237,165,284,152,326,215,250,153,265,167,255,153,289,175,208,154,231,177,207,156,249,205,278,163,296,178,291,174,305,189,205,177,220,191,207,185,220,198,190,188,206,204,313,197,329,214,317,201,333,216,189,203,204,218,293,204,345,270,321,205,337,220,169,207,190,232,325,208,348,229,314,209,328,222,327,218,347,235,184,220,211,246,165,223,181,239,335,224,351,238,345,224,359,237,204,228,219,243,163,233,176,246,160,236,174,251,189,237,206,252,299,239,312,252,184,241,199,256,150,242,175,269,175,248,190,263,165,259,193,283,318,259,331,273,149,262,163,276,333,265,347,280,171,269,184,282,337,270,358,290,170,271,183,284,326,273,339,286,159,274,173,287,164,275,181,295,346,279,361,294,156,281,169,294,336,286,349,299,163,288,179,316,337,288,351,303,155,293,173,310,144,294,157,307,343,307,362,331,166,308,179,322,166,314,180,335,337,324,351,347,345,325,361,345,166,326,179,340,163,331,176,344,166,332,191,365,346,333,359,346,179,354,192,367,334,355,348,369,180,356,193,369,
==============EndOfCase==============
