index_sequence，x_min,y_min,x_max,y_max
0,177,270,190,284,184,235,198,251,
1,178,273,191,285,184,233,198,250,
2,177,274,191,285,183,234,200,251,
3,176,271,190,285,181,235,197,248,
4,175,273,190,286,
24,311,300,325,316,
25,312,299,326,315,
26,312,298,326,314,
27,311,299,326,315,
28,308,295,328,316,
29,311,296,329,316,
30,311,298,330,317,
31,311,299,330,320,
32,299,247,311,261,309,296,330,320,
33,299,247,313,261,312,298,327,320,
34,300,248,313,262,312,300,326,318,
35,299,245,315,263,313,301,327,319,
36,299,245,314,262,312,298,325,317,
37,298,245,315,260,313,300,327,318,
38,299,245,315,262,
39,299,247,314,261,
==============EndOfCase==============
1,294,300,303,307,
2,295,298,303,308,
3,295,298,303,306,
8,295,313,305,322,
9,296,314,306,322,
10,294,312,305,322,
11,296,314,305,322,
12,296,314,305,322,
13,296,314,305,322,
==============EndOfCase==============
11,321,251,334,268,
12,320,251,337,267,
13,321,251,334,266,
14,322,250,335,266,
17,317,245,334,258,164,333,181,352,
18,318,245,334,257,162,333,182,356,
19,319,245,334,257,161,333,181,353,
20,318,245,334,258,161,334,181,353,
21,163,332,181,354,
22,162,332,181,354,
23,161,332,180,354,
24,161,331,177,353,
25,161,335,177,353,
==============EndOfCase==============

