0,274,222,279,228,262,223,265,227,240,232,264,250,231,238,235,242,300,243,307,250,313,251,328,260,332,254,337,259,306,257,309,260,295,258,327,289,243,259,246,262,312,259,313,262,207,261,211,266,331,262,335,266,214,264,218,269,336,271,342,280,233,273,236,276,229,276,239,284,206,278,212,286,239,287,241,290,210,288,213,291,206,293,208,296,210,303,220,330,228,306,231,310,227,312,230,317,223,331,229,336,318,331,320,334,227,338,234,346,227,353,231,356,
1,274,223,278,229,262,224,265,229,231,239,235,243,315,240,320,244,244,241,250,251,299,243,306,250,322,245,338,261,311,251,321,262,224,252,252,293,217,257,228,264,307,257,309,260,294,258,326,285,206,262,210,268,331,262,335,266,336,271,341,280,203,275,204,278,207,279,213,287,321,284,327,289,239,288,242,293,206,293,208,296,236,294,239,297,231,300,235,305,209,303,220,334,330,307,332,310,225,312,229,317,327,314,331,325,319,326,328,341,318,330,321,333,224,331,228,337,218,335,221,346,227,339,238,348,
2,274,224,278,230,262,225,265,229,250,234,260,243,227,243,232,247,299,244,306,251,243,245,249,252,327,249,330,252,312,251,323,259,331,253,336,258,296,257,326,285,208,262,210,265,331,262,335,266,240,268,243,271,249,272,252,275,336,272,341,280,207,280,213,288,235,280,239,283,212,290,215,293,235,294,238,298,207,298,220,328,231,301,234,305,327,307,332,325,225,312,229,317,227,325,229,331,225,331,231,338,226,339,236,348,
3,256,222,258,225,274,225,278,230,262,226,265,230,248,234,260,246,236,235,241,239,316,242,322,246,299,244,307,251,323,246,336,259,247,247,249,250,310,250,323,260,247,251,248,254,214,253,217,256,224,256,227,258,295,260,323,285,216,261,220,266,206,262,211,268,334,264,335,267,213,267,216,271,205,269,207,272,336,271,341,279,231,274,237,281,246,277,251,280,207,280,213,288,334,281,337,283,205,290,207,296,212,290,214,293,208,302,221,343,328,308,332,322,225,311,229,318,319,329,322,332,225,332,229,337,226,338,236,347,219,344,224,351,241,350,254,355,
4,256,223,259,225,274,226,278,231,262,227,265,231,269,232,274,233,277,232,280,233,256,233,261,236,281,233,284,234,235,236,240,241,292,238,294,241,316,242,323,247,299,244,306,251,226,245,229,247,325,248,329,252,311,250,320,257,214,252,219,256,330,253,334,256,223,256,229,260,207,257,214,268,295,257,324,285,217,260,222,264,213,265,217,271,240,268,243,271,205,269,208,272,248,271,251,274,337,271,340,279,231,274,237,281,208,280,213,289,324,288,326,291,213,292,214,295,208,300,212,311,330,307,333,310,224,311,229,319,328,311,332,322,210,312,221,343,319,329,322,331,225,339,230,344,219,344,224,351,
5,274,226,278,231,262,228,265,231,250,232,275,241,278,233,284,235,310,239,313,241,316,242,320,245,299,244,305,251,325,248,329,252,310,249,319,263,215,251,220,256,301,252,304,253,215,255,234,267,293,256,322,287,209,257,214,265,337,261,339,264,206,266,209,270,212,268,216,277,240,268,243,271,336,271,340,279,232,275,238,281,208,278,214,289,239,281,242,284,239,286,245,289,235,292,237,295,208,300,210,303,224,305,231,319,209,307,217,329,327,307,333,322,227,322,229,331,320,328,322,331,213,330,224,351,314,340,316,343,
6,256,224,258,227,269,227,278,233,263,229,265,232,256,233,262,236,263,233,266,234,281,233,284,235,247,238,254,248,299,244,305,254,325,248,331,254,218,249,224,253,310,249,318,256,212,254,217,259,295,254,322,285,306,258,311,260,335,259,339,264,207,260,213,270,334,266,336,269,336,271,339,278,206,273,208,278,232,275,237,280,340,278,341,281,237,280,241,284,209,281,215,293,240,284,245,287,206,292,207,295,231,296,238,299,208,300,211,306,231,300,235,303,229,303,232,310,329,308,332,316,223,311,230,316,328,317,330,321,325,324,328,331,224,326,234,347,308,336,318,347,321,341,324,344,240,350,244,352,
7,269,228,278,233,262,229,265,233,254,234,259,238,291,238,294,240,247,241,251,247,299,245,304,254,209,249,223,266,307,249,318,260,328,251,332,255,220,254,233,261,296,255,322,284,245,264,248,267,339,265,341,269,213,267,216,271,334,267,339,278,207,268,209,273,249,273,253,276,231,275,237,279,237,280,241,283,209,282,215,291,323,283,325,286,324,286,326,290,225,292,227,295,207,296,209,299,231,296,236,298,208,301,211,306,229,302,232,308,330,303,332,307,329,308,332,310,223,311,229,317,327,315,330,322,223,333,234,347,309,338,317,347,
8,274,228,278,232,256,229,267,236,238,235,242,239,292,237,295,240,247,238,254,247,298,245,304,254,221,248,224,251,306,249,318,260,217,251,220,254,295,254,322,288,214,255,217,258,235,255,238,258,245,257,249,264,333,257,337,261,213,264,218,273,338,264,340,268,207,267,209,273,334,268,339,278,247,276,254,279,237,279,240,282,338,282,340,285,210,283,216,290,205,285,206,288,243,286,247,292,205,291,207,295,213,292,216,299,237,292,240,295,207,296,209,299,208,300,210,303,331,300,332,303,223,311,230,318,329,312,331,315,327,316,330,322,227,318,229,322,326,324,328,328,223,328,234,347,309,335,319,348,317,349,320,352,299,362,303,365,
9,270,229,278,233,263,230,266,232,243,232,246,235,281,232,284,234,247,234,258,244,234,235,242,242,293,238,295,241,299,245,304,251,237,247,242,254,218,248,225,254,306,248,317,259,326,249,330,253,227,253,230,255,225,255,251,291,333,257,337,262,295,259,324,284,207,264,210,273,334,269,338,278,207,274,208,278,339,278,341,283,206,279,207,283,205,284,207,287,210,284,216,299,233,294,235,297,328,309,331,314,223,312,229,317,327,315,330,319,222,319,225,320,326,320,329,328,229,357,254,365,299,362,303,365,255,364,258,367,
10,274,229,278,233,263,230,266,233,235,237,240,241,247,240,249,243,219,245,229,254,298,245,304,251,321,246,325,249,237,247,242,254,305,248,316,260,317,250,319,253,327,250,331,254,321,254,324,256,296,255,321,284,331,255,334,258,245,257,249,265,208,261,213,268,310,263,312,267,240,268,243,271,335,270,338,277,207,273,208,277,338,278,341,283,211,282,216,291,315,286,317,289,206,291,208,294,214,292,216,295,207,295,208,299,330,299,332,302,208,300,215,336,330,305,331,308,328,309,331,313,222,312,227,317,327,314,329,317,227,315,229,318,326,319,329,328,320,331,323,334,221,333,225,335,273,367,276,370,