第几张，x_min,y_min,x_max,y_max
0,213,173,215,1760,290,194,293,1970,294,202,297,2060,185,215,204,2340,288,218,305,2310,303,234,306,2360,280,235,303,2550,178,239,205,2730,321,250,329,2610,160,254,168,2670,300,259,303,2620,333,261,334,2640,304,264,307,2680,332,273,334,2820,183,277,187,2820,149,281,151,2850,150,287,152,2920,151,293,153,2960,152,298,154,3020,153,304,158,3140,181,320,183,3230,248,358,256,3600,245,365,250,369
1,213,175,215,1781,216,194,223,1981,290,195,294,1991,294,203,297,2061,207,214,208,2181,186,218,203,2341,288,218,310,2351,281,235,302,2551,186,239,206,2541,165,248,168,2511,319,249,329,2611,177,250,198,2731,161,253,168,2631,149,265,151,2681,194,269,197,2731,332,271,334,2821,183,276,187,2821,149,277,150,2801,149,282,151,2851,331,284,333,2901,188,285,190,2881,150,288,152,2911,151,293,153,2961,152,297,154,3021,153,303,156,3081,155,311,158,3161,174,316,176,3191,245,362,251,3681,286,366,289,370
2,225,185,228,1872,291,196,295,2012,209,204,211,2072,294,204,297,2072,287,218,313,2362,186,226,194,2342,202,227,205,2302,199,233,202,2382,279,235,304,2542,178,240,205,2732,328,243,330,2462,319,248,330,2612,160,253,169,2632,149,265,150,2682,149,270,150,2742,332,271,334,2822,149,276,152,2872,183,277,186,2832,331,283,333,2892,151,288,153,2912,152,294,156,3082,182,296,184,2992,180,300,182,3032,155,310,158,3162,174,316,177,3192,286,358,292,369
3,225,186,228,1873,292,198,295,2013,294,204,297,2083,286,218,316,2403,187,226,194,2333,202,227,204,2303,280,235,303,2543,178,240,205,2743,188,242,191,2443,319,248,330,2623,160,253,168,2633,150,256,152,2593,160,267,161,2703,332,268,334,2743,182,278,186,2823,330,278,333,2873,150,279,152,2853,151,287,153,2913,152,292,154,2963,153,297,155,3023,154,303,157,3093,156,310,158,3143,175,316,177,3193,287,357,294,3673,247,363,252,367
4,211,179,213,1824,293,199,296,2024,294,204,297,2084,286,218,320,2424,187,226,194,2334,280,235,302,2544,177,239,206,2744,319,247,330,2634,170,250,172,2534,160,253,170,2644,304,254,306,2584,151,256,152,2594,157,266,163,2714,332,269,334,2744,150,273,151,2764,157,273,161,2754,150,278,152,2834,182,278,185,2814,328,278,333,3064,151,285,155,3014,180,298,184,3054,173,316,177,3194,292,355,297,3594,243,367,246,369
5,211,181,213,1845,292,199,297,2095,188,226,195,2325,201,227,204,2305,280,235,303,2535,177,242,206,2735,169,250,172,2555,160,253,169,2635,332,260,333,2635,150,267,152,2725,157,267,161,2705,332,269,334,2745,150,273,152,2765,330,275,333,2945,176,276,179,2795,151,279,153,2835,152,286,155,2935,178,298,182,3015,175,316,177,3195,295,353,297,357
6,210,182,213,1856,294,205,297,2096,279,225,281,2286,188,226,194,2326,296,232,297,2356,279,234,302,2546,202,235,205,2386,159,253,168,2656,157,269,159,2726,332,269,334,2756,150,273,152,2766,151,279,153,2836,180,307,181,3156,296,351,297,356
7,210,183,212,1877,211,195,218,2027,294,206,297,2107,290,209,292,2127,280,225,282,2287,189,226,195,2327,278,235,306,2587,153,251,155,2547,196,251,200,2557,159,253,168,2637,332,262,334,2667,151,267,153,2837,332,268,334,2737,158,269,161,2757,316,299,317,3037,180,311,181,3147,175,316,178,319
8,210,184,212,1888,294,202,297,2048,294,207,297,2108,290,209,292,2128,189,226,194,2318,195,228,205,2408,179,241,206,2688,288,247,291,2508,159,253,169,2648,332,256,333,2608,332,263,334,2718,151,266,153,2768,177,266,182,2728,152,278,154,2838,152,284,157,3058,162,284,163,2878,314,298,320,3068,175,316,177,3198,249,356,252,3598,245,361,247,364
9,210,186,212,1899,293,207,297,2119,290,209,292,2129,204,213,207,2269,275,215,276,2189,284,217,295,2269,278,224,283,2339,189,225,195,2319,178,228,206,2679,295,229,297,2349,275,234,304,2569,159,253,169,2649,152,266,154,2699,332,266,333,2719,314,267,317,2709,177,268,183,2729,319,272,320,2759,331,273,333,2799,152,276,156,2979,159,280,160,2849,305,284,306,2879,314,302,317,3049,180,311,181,3149,175,315,178,3189,183,327,186,3309,245,360,248,362
10,234,186,239,18710,210,187,212,19010,225,187,233,19210,293,208,297,21210,283,217,294,22610,278,224,283,23310,189,225,194,23110,179,228,208,26710,276,234,305,25610,159,253,170,26310,332,258,333,26310,152,265,154,27110,178,267,182,27110,330,272,333,28810,152,273,154,27810,158,274,160,27810,158,279,161,28410,169,281,172,28310,315,293,319,30410,170,312,173,31410,175,315,179,318
11,210,188,212,19111,293,208,297,21211,283,217,294,22511,278,224,284,23211,189,225,195,23111,180,228,215,26611,308,232,329,26211,279,234,304,25311,159,252,170,26311,153,258,155,26111,331,258,333,26211,330,263,333,28811,191,274,194,27711,325,283,327,28611,175,315,179,318
12,249,185,252,18612,209,189,212,19212,290,209,297,21212,282,216,293,22512,278,223,285,23212,189,224,195,23012,315,224,318,22812,310,231,328,26312,180,233,216,26612,278,233,302,25212,158,251,169,26412,331,254,332,25812,331,261,333,28012,153,264,154,26712,153,269,154,27312,175,315,179,31912,192,339,195,340
13,248,185,251,18613,227,186,230,18813,210,189,212,19213,290,209,296,21313,282,216,293,22513,277,222,303,25213,189,224,194,23013,312,234,328,26313,183,235,186,23713,180,235,213,26613,157,246,159,24913,158,248,170,26413,155,251,157,25413,331,264,333,28113,153,266,154,27713,192,269,195,27113,189,278,191,28113,175,315,179,31813,183,323,190,332
14,227,186,230,18814,210,190,212,19314,290,209,296,21314,278,216,293,23114,189,224,194,23014,201,227,203,23214,294,227,297,23114,164,233,166,23614,280,234,303,25214,180,235,213,26614,312,236,326,25714,158,246,172,26614,324,258,329,26314,154,259,155,26214,331,263,333,27614,160,271,161,27514,331,278,332,28114,329,282,332,29414,176,314,179,31814,182,327,184,33114,246,366,249,367
15,210,191,213,19415,289,209,296,21315,278,216,292,23215,310,219,313,22315,189,223,194,23015,314,224,319,23015,201,228,202,23115,279,234,302,25115,180,236,214,26515,314,238,324,24915,158,242,172,26615,322,252,328,26315,190,270,194,27415,159,274,162,27615,316,287,317,29215,317,295,321,30015,176,314,179,317
16,210,192,213,19516,208,200,213,20916,289,209,296,21416,281,216,292,23116,189,223,194,22916,294,226,297,23216,166,231,168,23416,280,234,304,25116,202,236,204,23916,180,237,207,26516,158,239,175,26616,316,239,323,24816,292,252,295,25516,323,254,328,26316,176,314,179,31716,182,322,191,33316,248,366,251,367
17,211,192,213,19617,289,209,296,21417,280,216,291,23117,188,222,195,22917,281,234,305,25117,158,236,178,26817,181,237,208,26517,324,255,328,26317,330,262,332,26617,160,277,164,28117,317,281,318,28517,322,292,325,29717,176,313,179,31717,182,326,183,33017,250,357,253,358
18,210,193,213,19618,185,209,188,21218,289,209,295,21418,279,216,291,23218,294,225,295,23018,187,233,190,23418,280,234,305,25118,179,236,209,26518,156,252,158,25618,158,255,167,27118,324,255,328,26318,155,257,156,26018,330,262,332,26618,185,297,186,30018,176,313,179,31618,182,327,183,33018,193,333,196,33618,188,337,192,34218,250,355,259,358
19,226,186,231,19119,210,194,213,19719,265,197,269,20119,270,201,274,20519,289,209,295,21419,280,216,291,23119,200,226,203,23019,293,226,297,23519,280,233,304,25119,181,238,211,26519,156,253,158,25619,158,255,166,26819,324,255,328,26219,155,258,156,26119,153,262,156,27419,330,266,332,28219,160,270,163,27419,188,272,192,27519,154,275,156,28619,160,277,164,28119,187,283,188,28719,181,308,182,31319,175,313,179,31619,181,317,186,33119,188,337,192,33919,202,355,207,359
20,226,186,232,19120,210,194,213,19820,211,199,215,20320,289,209,295,21420,279,216,291,23220,281,233,304,25020,181,238,209,26520,159,247,160,25020,319,250,328,26420,155,252,158,26120,329,254,330,25720,158,256,167,26920,154,263,156,27420,160,270,162,27420,188,272,195,27720,316,281,318,28620,185,291,190,29920,317,291,319,29420,181,305,183,31220,176,313,179,31620,181,318,182,321
21,241,183,246,18521,210,194,213,19821,271,202,274,20521,288,209,294,21421,278,216,303,25021,201,227,202,23021,320,235,322,23821,182,239,209,26421,157,247,161,25521,319,250,321,25321,329,255,331,26021,155,256,157,26121,323,256,327,26221,158,257,166,27121,173,270,177,28021,161,277,163,28221,164,277,165,28221,316,277,318,28721,172,302,174,30621,175,313,179,31521,186,337,192,33921,251,356,255,357
22,210,195,213,19822,288,209,294,21422,168,216,198,24822,280,216,291,23122,280,233,304,25022,291,234,293,23722,320,235,322,23822,163,239,165,24222,180,240,209,26422,324,242,326,24522,159,246,161,25022,326,246,328,24922,329,255,331,25822,155,256,157,26122,158,257,165,27122,323,257,327,26322,182,264,185,26822,161,279,165,28422,317,280,318,28922,176,313,179,31522,186,336,193,341
23,228,186,231,18823,210,195,213,19823,288,209,294,21423,169,216,198,24723,280,216,290,23023,201,226,202,23223,317,231,322,23823,278,232,306,25023,183,238,211,26423,323,240,328,25023,158,246,162,25223,169,250,171,25323,158,254,169,27123,329,255,331,25823,155,256,157,26223,324,258,327,26323,182,265,185,26723,188,273,192,27523,161,274,166,28523,317,276,318,28123,317,282,318,28523,166,290,167,29323,175,313,178,31623,182,328,184,33423,186,331,190,33423,186,337,189,338
24,209,196,213,19924,211,198,219,20424,288,209,294,21424,190,213,199,22624,279,216,290,23024,292,223,295,22524,316,230,320,23524,279,233,302,25124,181,235,209,26324,173,236,175,23924,321,237,324,24224,324,243,328,25024,157,245,162,25624,306,251,313,26024,328,251,330,25524,328,256,332,29624,159,258,167,27224,155,259,156,26324,323,259,328,26424,197,262,198,26524,154,266,158,29324,324,271,327,27624,317,275,318,27924,161,277,166,28524,323,279,325,28424,323,287,326,29124,315,304,320,30924,175,313,179,31524,181,330,183,33324,186,336,193,33824,185,339,187,34224,261,355,265,357
25,228,187,231,18825,210,196,213,19925,287,208,295,21325,190,213,199,22525,278,217,290,23025,201,225,203,22825,313,226,315,22925,169,229,173,23325,178,230,181,23125,188,230,191,23125,316,230,323,24025,280,233,303,25225,182,239,210,26325,323,241,327,24825,160,245,162,24925,156,255,158,25825,159,257,166,27025,311,258,315,26225,324,259,328,26425,154,260,156,26925,196,262,199,26425,154,270,157,28325,160,272,162,27525,325,275,326,27825,161,277,165,28325,315,303,321,31025,175,312,178,31525,189,332,192,33325,184,333,188,33525,184,336,195,34025,245,351,256,35725,259,353,268,357
26,222,187,232,19726,209,197,212,20026,270,203,276,20926,287,208,295,21326,191,213,200,22426,278,217,292,23026,294,222,297,22326,312,225,325,24426,169,229,173,23326,279,232,305,25226,166,235,168,23826,181,235,210,26326,160,244,163,24926,325,245,327,24826,328,251,330,25726,159,259,166,27126,325,259,328,26426,330,259,331,26326,329,265,332,28726,154,268,157,28226,160,272,162,27526,187,273,191,27926,162,278,164,28226,155,283,159,29526,162,284,164,28726,314,302,321,31026,175,312,178,31526,181,328,183,33226,184,336,193,33826,247,354,254,358
27,266,187,270,19027,209,197,212,20127,287,209,295,21327,192,213,200,22327,279,217,304,25327,310,223,314,22727,315,229,318,23227,192,232,194,23627,318,233,323,24027,165,234,169,24027,182,239,210,26227,322,241,325,24427,325,245,327,24827,327,250,329,25327,155,258,158,26627,159,259,167,27127,324,260,328,26527,317,270,319,27727,161,274,164,28127,162,283,165,28627,308,289,310,29427,313,302,321,31127,175,311,178,31527,315,313,318,31727,247,355,250,359
28,227,187,232,19128,208,198,212,20128,286,209,294,21328,277,210,279,21428,192,212,201,22328,303,216,307,22028,278,217,302,24928,310,223,314,22728,200,225,204,23228,315,229,323,24028,165,236,168,24028,182,241,210,26528,323,241,325,24428,159,242,164,25228,325,245,327,24828,310,256,313,25928,329,256,331,26228,155,257,158,26728,158,259,165,27228,324,260,327,26528,330,264,332,27228,318,265,319,26828,161,276,164,28428,319,286,323,28928,314,302,322,31128,175,312,178,31528,315,314,318,31728,180,327,187,33628,314,327,316,33028,313,336,317,33928,182,337,184,34128,245,356,249,359
29,223,187,232,19529,208,198,212,20229,287,208,294,21329,193,212,201,22229,278,218,292,23229,305,218,313,22629,315,229,322,23829,278,231,306,25229,182,237,210,26229,322,239,326,24629,162,243,164,24629,160,247,162,25029,158,252,160,25529,328,252,330,25729,154,257,158,28429,329,258,331,26329,159,259,165,27229,324,260,328,26629,188,271,190,27429,325,277,326,28029,162,279,164,28329,314,302,323,31229,175,312,178,31529,253,351,257,35229,244,356,248,359
30,208,199,212,20230,276,209,279,21430,286,209,293,21330,193,211,202,22130,304,217,307,22030,280,218,297,23130,308,221,311,22430,200,225,203,23030,312,225,321,23630,277,232,304,24830,321,237,323,24030,182,238,212,26130,323,241,325,24430,160,247,162,25030,328,253,330,25630,329,258,331,26230,159,260,166,27330,324,261,327,26630,329,264,333,27330,186,272,190,27730,330,275,333,28030,324,278,327,28130,162,280,164,28330,163,285,165,29030,315,302,322,31430,175,312,178,31530,181,336,183,34030,242,357,246,359
31,208,199,212,20231,294,208,298,21231,286,209,292,21331,193,211,202,22031,302,215,318,23231,278,218,303,25031,200,225,202,22931,318,233,323,24031,202,235,204,23831,183,239,211,26131,323,241,325,24431,325,246,328,25131,159,247,163,25331,329,256,331,25931,159,261,167,27531,324,261,328,26631,330,261,332,26431,330,265,333,27431,329,275,333,29631,163,285,167,28931,313,302,322,31431,175,312,178,31531,316,314,318,31731,180,319,181,32231,314,333,319,33731,180,337,182,34131,316,339,319,34931,241,357,244,360
32,228,188,232,19032,223,192,226,19532,208,199,212,20332,275,209,280,21432,286,209,292,21332,194,210,202,21932,299,213,312,22532,277,219,305,24832,200,225,203,22932,313,227,317,23132,318,233,321,23732,181,234,211,27332,325,245,327,24932,159,246,163,25332,169,246,173,25332,303,251,307,25532,167,254,169,25732,157,255,159,26032,315,260,318,26232,159,261,166,27432,325,262,328,26632,330,265,333,29532,184,280,185,28432,163,283,167,28832,324,301,327,30432,314,303,322,31432,181,310,183,31532,175,313,177,31632,181,344,183,34732,317,347,319,35232,239,358,243,361
33,208,200,211,20333,291,206,295,21033,285,209,291,21333,194,210,203,21833,299,213,303,21633,277,214,281,21733,304,217,317,23133,200,218,205,23033,278,219,302,24933,194,230,196,23333,318,233,321,23633,202,234,205,23733,166,236,169,24033,183,238,212,26633,163,241,166,24533,325,245,328,25033,159,247,163,25333,303,250,307,25633,157,255,160,26033,156,262,158,26533,159,262,166,27533,325,262,328,26733,318,264,319,26733,166,286,168,28933,315,303,322,31533,174,313,178,31733,317,348,319,35733,239,358,242,360
34,228,188,232,19134,207,200,211,20434,213,202,216,20534,204,206,213,21734,292,207,295,21034,285,208,290,21334,195,210,203,21834,303,216,313,22634,278,218,303,25134,200,225,203,23334,315,229,318,23334,166,235,169,24034,183,235,213,26134,322,239,324,24234,172,244,174,24734,326,247,328,25134,158,248,162,25834,159,248,172,27534,302,248,308,25734,157,259,158,26234,326,263,329,26734,317,265,319,27234,319,278,321,28334,324,278,328,28434,184,289,186,29234,315,304,322,31534,174,313,177,31734,317,354,319,360
35,228,188,231,19135,222,192,227,19635,207,201,211,20435,292,207,295,21035,284,208,289,21335,195,209,204,21735,203,209,210,21935,277,216,281,21835,303,216,308,22135,277,218,302,24835,178,221,181,22435,310,223,313,22635,318,233,321,23735,167,234,170,23835,183,238,211,26235,302,247,308,25635,158,251,162,25735,329,258,332,26335,325,263,329,26735,184,278,185,28135,325,280,328,28335,183,288,185,29135,163,290,165,29335,173,314,177,31735,177,337,180,34635,187,356,191,35935,316,356,319,36435,236,358,239,360
36,228,189,232,19136,273,195,276,19736,207,201,211,20436,284,208,289,21336,195,209,204,21736,304,217,308,22136,275,218,305,24936,178,220,182,22436,190,225,196,22736,183,238,215,27036,163,243,165,24636,302,249,307,25736,158,250,162,26036,302,258,305,26236,330,258,332,26336,156,261,159,27136,159,262,168,27736,325,263,328,26836,331,266,333,27136,187,272,193,27736,319,275,320,27936,327,279,329,28236,183,287,185,29236,163,290,165,29436,315,306,321,31436,180,308,184,31836,173,314,176,31736,317,329,323,33436,235,358,238,361
37,228,189,232,19337,222,193,227,19637,273,195,277,19837,207,202,210,20437,284,208,288,21337,196,209,204,21737,279,217,282,21937,278,217,301,24937,304,217,309,22237,177,220,182,22637,182,238,211,26037,163,243,165,24737,302,248,310,25737,329,257,333,26637,326,263,328,26737,159,264,166,27637,332,267,334,27437,332,275,334,29537,161,281,163,28637,163,290,164,29337,315,307,321,31437,181,311,183,31537,173,314,176,31837,317,317,319,32037,175,327,177,33337,319,329,324,33637,320,340,321,34337,172,342,176,34537,233,359,237,36237,317,363,319,366
38,243,183,251,18538,253,191,257,19338,274,196,278,19938,207,202,210,20538,196,208,205,21638,283,208,288,21338,279,213,282,21638,303,216,306,21938,289,217,292,21838,279,219,282,22038,276,221,302,24738,195,224,197,22838,183,238,211,26238,302,248,312,25838,328,252,330,25638,156,256,169,27838,329,257,333,26638,325,264,329,26838,332,268,335,28638,167,282,168,28538,328,282,329,28538,163,294,165,29738,315,308,320,31338,172,315,176,31838,317,317,320,32238,319,329,324,33638,170,342,175,34538,174,350,175,35438,232,359,236,362
39,242,183,251,18539,275,197,278,19939,207,202,210,20539,197,208,206,21639,283,208,288,21339,207,209,210,21239,277,216,302,25039,181,218,184,22139,200,222,202,22539,304,223,307,22639,175,224,179,22839,196,224,197,22839,184,238,212,26239,324,245,327,24839,302,248,311,25739,327,249,332,26039,160,251,162,25539,168,252,170,25539,158,256,161,26239,332,262,334,26739,325,265,330,26939,332,269,335,28739,332,288,335,29439,163,294,165,29739,172,315,176,31939,179,318,180,32139,319,318,320,32139,320,328,325,33339,168,338,181,36239,231,360,235,36239,183,364,186,36839,309,395,312,398
==============End of a case==============
0,256,250,261,2550,276,259,280,2630,247,262,252,2670,286,270,293,2780,280,281,300,3060,220,282,243,2990,301,298,311,3140,217,299,224,3050,203,306,205,3090,203,307,212,3260,312,307,314,3140,292,309,296,3130,298,317,301,3190,312,317,316,3380,304,323,307,3290,201,327,202,3300,201,331,204,3510,207,342,210,3450,209,347,219,3510,204,352,207,3580,221,352,224,354
1,256,251,260,2571,276,259,280,2631,248,262,252,2651,254,262,259,2641,285,270,293,2811,216,282,241,3031,280,283,300,3051,307,301,311,3071,204,305,213,3261,312,307,314,3141,293,310,296,3131,295,313,297,3161,313,317,316,3341,304,323,308,3281,201,325,202,3301,201,331,205,3531,206,336,209,3441,307,342,314,3501,209,347,218,3501,304,351,307,3531,220,352,223,3551,223,357,226,359
2,255,252,260,2582,275,260,279,2642,248,262,252,2652,285,269,295,2792,219,276,243,3052,288,281,289,2842,280,283,302,3052,307,299,311,3072,216,306,220,3092,312,307,314,3142,293,309,297,3152,203,311,213,3262,313,317,317,3342,304,322,307,3272,201,327,205,3552,211,330,215,3342,205,335,209,3432,214,348,218,351
3,254,253,259,2593,275,261,279,2653,248,262,252,2663,241,268,245,2723,285,269,292,2763,231,272,240,2813,287,278,289,2843,218,282,241,3063,285,283,288,2873,279,287,297,3033,306,298,310,3073,297,301,300,3043,312,307,314,3143,203,309,213,3263,293,309,297,3143,314,319,317,3323,303,322,307,3263,201,328,202,3323,210,331,214,3393,201,333,204,3573,205,335,208,3433,303,343,317,3553,208,347,217,3513,204,358,205,3623,213,365,216,368
4,254,254,259,2594,275,261,279,2654,248,262,252,2664,255,262,258,2634,284,269,292,2764,287,276,292,2844,215,280,242,3044,280,283,297,3064,306,299,310,3074,205,303,206,3074,312,307,314,3144,203,309,213,3264,294,309,298,3144,314,316,318,3324,303,322,307,3264,215,325,217,3294,201,332,204,3604,211,332,214,3344,213,338,214,3424,315,343,318,3474,213,349,218,3524,204,361,208,369
5,253,255,258,2605,255,262,258,2635,275,262,279,2655,247,263,252,2685,284,268,291,2755,234,275,237,2775,287,276,291,2795,218,279,241,3055,279,283,298,3035,306,299,310,3085,205,303,206,3085,312,308,315,3145,294,309,298,3145,204,311,205,3145,202,314,213,3275,314,316,319,3315,303,321,307,3255,202,329,203,3325,210,333,212,3375,310,352,313,3545,302,355,309,358
6,253,256,258,2606,275,262,279,2666,248,263,252,2666,284,268,291,2756,234,274,237,2786,215,280,242,3046,284,282,287,2876,280,288,297,3036,307,301,310,3076,205,303,206,3076,312,308,315,3146,294,309,298,3146,202,311,213,3276,314,315,317,3246,303,321,306,3256,309,321,311,3246,316,325,319,3306,202,327,203,3356,316,344,321,3506,308,352,315,357
7,252,256,257,2617,255,262,258,2637,273,262,279,2667,248,263,252,2677,283,267,291,2757,218,271,243,3057,286,276,290,2857,283,282,287,2877,279,286,297,3037,306,301,310,3077,205,303,206,3067,295,309,299,3147,312,309,315,3137,300,311,303,3137,202,312,212,3277,314,314,319,3277,298,316,301,3197,291,318,300,3237,302,321,306,3267,201,327,203,3347,205,334,207,3377,210,335,213,3407,218,351,223,3567,314,352,318,3547,309,355,314,357
8,252,257,257,2618,256,262,259,2638,272,262,279,2668,248,263,255,2668,283,267,291,2748,216,271,244,3028,286,276,288,2818,284,281,287,2868,279,287,298,3048,307,301,310,3078,295,309,305,3148,312,309,315,3138,202,314,212,3288,314,314,318,3238,298,316,301,3198,303,320,306,3248,201,325,203,3408,205,334,207,3378,323,341,326,3458,201,343,204,3618,218,351,222,3558,203,362,205,3738,178,389,184,392
9,251,257,256,2619,273,262,279,2669,248,263,255,2679,283,267,290,2749,218,273,249,3019,286,275,289,2779,279,280,299,3049,213,283,218,2899,306,301,310,3079,312,304,313,3079,204,307,205,3109,295,309,303,3149,199,312,212,3429,314,314,318,3209,298,316,301,3199,309,319,311,3229,303,320,306,3279,204,335,207,3379,201,343,204,3749,312,349,324,3599,218,351,223,3559,212,370,253,3769,205,376,209,3809,166,379,173,3899,202,380,206,3839,178,391,184,393
10,251,258,256,26210,274,262,279,26610,248,263,252,26710,283,266,290,27310,235,272,240,27610,284,274,290,28310,217,278,243,30310,283,280,287,28610,308,286,309,28910,279,287,299,30410,305,301,310,30610,312,302,313,30710,202,306,205,31910,296,309,302,31410,312,309,318,32010,298,315,301,32010,203,317,211,32910,197,320,202,34910,303,320,307,32510,213,333,214,33710,329,338,331,34110,326,343,330,34810,322,350,325,35210,217,351,222,35510,201,356,203,36410,210,372,227,38010,162,377,173,39010,205,380,209,38210,205,382,208,38510,201,386,204,39010,169,391,172,39310,192,391,195,39310,181,392,184,39410,186,392,189,39410,175,393,179,394
11,250,258,256,26211,273,262,279,26611,247,263,253,26711,282,266,290,27311,215,273,244,30411,285,274,289,28311,279,287,300,30411,308,287,309,29011,306,301,310,30611,312,301,313,30611,202,309,204,31811,296,309,302,31411,312,309,317,31711,298,315,301,32011,203,318,211,32911,309,318,311,32111,199,319,202,32711,295,320,306,32711,309,322,313,32411,195,328,202,35911,204,335,206,33811,331,340,334,34111,328,342,333,34811,213,345,215,34811,205,347,209,35011,325,350,328,35211,320,353,325,35711,201,360,203,36911,208,372,229,38511,234,372,270,37611,172,374,177,37611,158,375,172,38811,206,384,209,38611,202,388,207,39011,163,389,167,39111,197,390,200,39211,168,391,182,39511,187,393,190,395
12,250,259,255,26212,269,262,279,26812,247,263,252,26912,282,266,289,27312,288,273,292,27412,288,282,291,28612,280,287,300,30312,311,300,313,30612,307,301,310,30612,202,307,204,31712,312,308,317,31712,297,309,302,31312,212,312,213,31512,298,315,302,31912,309,317,311,32012,203,318,211,32912,303,320,306,32612,200,321,202,32412,309,321,313,32412,198,325,200,33112,307,325,309,32812,196,332,199,34612,204,335,206,33812,331,336,336,34812,194,347,202,36212,203,347,205,35312,305,351,330,36512,194,362,197,36412,188,366,198,37212,178,368,182,37112,195,371,198,37312,154,373,171,39412,216,373,229,37712,197,374,200,37712,208,378,217,38912,200,389,208,39412,188,393,198,39612,177,395,181,396
13,250,259,255,26213,273,262,279,26713,246,263,255,26813,281,266,289,27213,219,271,247,30113,279,286,300,30313,215,301,218,30513,306,301,310,30613,312,301,313,30513,297,308,301,31313,312,308,317,31513,202,313,203,31713,298,316,301,31913,308,316,311,31913,202,319,210,32913,303,320,307,32313,309,321,312,32413,199,324,200,32813,307,325,309,32913,213,334,214,34113,197,335,198,33913,203,335,206,33813,195,341,197,34613,334,341,338,34713,213,346,218,35113,331,348,335,35013,181,350,201,37313,307,352,333,36613,267,367,299,37513,151,371,177,39213,222,374,225,37713,239,374,265,37713,191,380,218,39713,102,381,106,38213,114,381,140,38513,38,382,40,38513,39,387,44,39313,53,390,59,39513,183,396,186,39713,463,402,466,40613,348,434,351,43513,341,435,344,43613,423,441,433,45013,172,481,213,483
==============End of a case==============
0,274,222,279,2280,262,223,265,2270,240,232,264,2500,231,238,235,2420,300,243,307,2500,313,251,328,2600,332,254,337,2590,306,257,309,2600,295,258,327,2890,243,259,246,2620,312,259,313,2620,207,261,211,2660,331,262,335,2660,214,264,218,2690,336,271,342,2800,233,273,236,2760,229,276,239,2840,206,278,212,2860,239,287,241,2900,210,288,213,2910,206,293,208,2960,210,303,220,3300,228,306,231,3100,227,312,230,3170,223,331,229,3360,318,331,320,3340,227,338,234,3460,227,353,231,356
1,274,223,278,2291,262,224,265,2291,231,239,235,2431,315,240,320,2441,244,241,250,2511,299,243,306,2501,322,245,338,2611,311,251,321,2621,224,252,252,2931,217,257,228,2641,307,257,309,2601,294,258,326,2851,206,262,210,2681,331,262,335,2661,336,271,341,2801,203,275,204,2781,207,279,213,2871,321,284,327,2891,239,288,242,2931,206,293,208,2961,236,294,239,2971,231,300,235,3051,209,303,220,3341,330,307,332,3101,225,312,229,3171,327,314,331,3251,319,326,328,3411,318,330,321,3331,224,331,228,3371,218,335,221,3461,227,339,238,348
2,274,224,278,2302,262,225,265,2292,250,234,260,2432,227,243,232,2472,299,244,306,2512,243,245,249,2522,327,249,330,2522,312,251,323,2592,331,253,336,2582,296,257,326,2852,208,262,210,2652,331,262,335,2662,240,268,243,2712,249,272,252,2752,336,272,341,2802,207,280,213,2882,235,280,239,2832,212,290,215,2932,235,294,238,2982,207,298,220,3282,231,301,234,3052,327,307,332,3252,225,312,229,3172,227,325,229,3312,225,331,231,3382,226,339,236,348
3,256,222,258,2253,274,225,278,2303,262,226,265,2303,248,234,260,2463,236,235,241,2393,316,242,322,2463,299,244,307,2513,323,246,336,2593,247,247,249,2503,310,250,323,2603,247,251,248,2543,214,253,217,2563,224,256,227,2583,295,260,323,2853,216,261,220,2663,206,262,211,2683,334,264,335,2673,213,267,216,2713,205,269,207,2723,336,271,341,2793,231,274,237,2813,246,277,251,2803,207,280,213,2883,334,281,337,2833,205,290,207,2963,212,290,214,2933,208,302,221,3433,328,308,332,3223,225,311,229,3183,319,329,322,3323,225,332,229,3373,226,338,236,3473,219,344,224,3513,241,350,254,355
4,256,223,259,2254,274,226,278,2314,262,227,265,2314,269,232,274,2334,277,232,280,2334,256,233,261,2364,281,233,284,2344,235,236,240,2414,292,238,294,2414,316,242,323,2474,299,244,306,2514,226,245,229,2474,325,248,329,2524,311,250,320,2574,214,252,219,2564,330,253,334,2564,223,256,229,2604,207,257,214,2684,295,257,324,2854,217,260,222,2644,213,265,217,2714,240,268,243,2714,205,269,208,2724,248,271,251,2744,337,271,340,2794,231,274,237,2814,208,280,213,2894,324,288,326,2914,213,292,214,2954,208,300,212,3114,330,307,333,3104,224,311,229,3194,328,311,332,3224,210,312,221,3434,319,329,322,3314,225,339,230,3444,219,344,224,351
5,274,226,278,2315,262,228,265,2315,250,232,275,2415,278,233,284,2355,310,239,313,2415,316,242,320,2455,299,244,305,2515,325,248,329,2525,310,249,319,2635,215,251,220,2565,301,252,304,2535,215,255,234,2675,293,256,322,2875,209,257,214,2655,337,261,339,2645,206,266,209,2705,212,268,216,2775,240,268,243,2715,336,271,340,2795,232,275,238,2815,208,278,214,2895,239,281,242,2845,239,286,245,2895,235,292,237,2955,208,300,210,3035,224,305,231,3195,209,307,217,3295,327,307,333,3225,227,322,229,3315,320,328,322,3315,213,330,224,3515,314,340,316,343
6,256,224,258,2276,269,227,278,2336,263,229,265,2326,256,233,262,2366,263,233,266,2346,281,233,284,2356,247,238,254,2486,299,244,305,2546,325,248,331,2546,218,249,224,2536,310,249,318,2566,212,254,217,2596,295,254,322,2856,306,258,311,2606,335,259,339,2646,207,260,213,2706,334,266,336,2696,336,271,339,2786,206,273,208,2786,232,275,237,2806,340,278,341,2816,237,280,241,2846,209,281,215,2936,240,284,245,2876,206,292,207,2956,231,296,238,2996,208,300,211,3066,231,300,235,3036,229,303,232,3106,329,308,332,3166,223,311,230,3166,328,317,330,3216,325,324,328,3316,224,326,234,3476,308,336,318,3476,321,341,324,3446,240,350,244,352
7,269,228,278,2337,262,229,265,2337,254,234,259,2387,291,238,294,2407,247,241,251,2477,299,245,304,2547,209,249,223,2667,307,249,318,2607,328,251,332,2557,220,254,233,2617,296,255,322,2847,245,264,248,2677,339,265,341,2697,213,267,216,2717,334,267,339,2787,207,268,209,2737,249,273,253,2767,231,275,237,2797,237,280,241,2837,209,282,215,2917,323,283,325,2867,324,286,326,2907,225,292,227,2957,207,296,209,2997,231,296,236,2987,208,301,211,3067,229,302,232,3087,330,303,332,3077,329,308,332,3107,223,311,229,3177,327,315,330,3227,223,333,234,3477,309,338,317,347
8,274,228,278,2328,256,229,267,2368,238,235,242,2398,292,237,295,2408,247,238,254,2478,298,245,304,2548,221,248,224,2518,306,249,318,2608,217,251,220,2548,295,254,322,2888,214,255,217,2588,235,255,238,2588,245,257,249,2648,333,257,337,2618,213,264,218,2738,338,264,340,2688,207,267,209,2738,334,268,339,2788,247,276,254,2798,237,279,240,2828,338,282,340,2858,210,283,216,2908,205,285,206,2888,243,286,247,2928,205,291,207,2958,213,292,216,2998,237,292,240,2958,207,296,209,2998,208,300,210,3038,331,300,332,3038,223,311,230,3188,329,312,331,3158,327,316,330,3228,227,318,229,3228,326,324,328,3288,223,328,234,3478,309,335,319,3488,317,349,320,3528,299,362,303,365
9,270,229,278,2339,263,230,266,2329,243,232,246,2359,281,232,284,2349,247,234,258,2449,234,235,242,2429,293,238,295,2419,299,245,304,2519,237,247,242,2549,218,248,225,2549,306,248,317,2599,326,249,330,2539,227,253,230,2559,225,255,251,2919,333,257,337,2629,295,259,324,2849,207,264,210,2739,334,269,338,2789,207,274,208,2789,339,278,341,2839,206,279,207,2839,205,284,207,2879,210,284,216,2999,233,294,235,2979,328,309,331,3149,223,312,229,3179,327,315,330,3199,222,319,225,3209,326,320,329,3289,229,357,254,3659,299,362,303,3659,255,364,258,367
10,274,229,278,23310,263,230,266,23310,235,237,240,24110,247,240,249,24310,219,245,229,25410,298,245,304,25110,321,246,325,24910,237,247,242,25410,305,248,316,26010,317,250,319,25310,327,250,331,25410,321,254,324,25610,296,255,321,28410,331,255,334,25810,245,257,249,26510,208,261,213,26810,310,263,312,26710,240,268,243,27110,335,270,338,27710,207,273,208,27710,338,278,341,28310,211,282,216,29110,315,286,317,28910,206,291,208,29410,214,292,216,29510,207,295,208,29910,330,299,332,30210,208,300,215,33610,330,305,331,30810,328,309,331,31310,222,312,227,31710,327,314,329,31710,227,315,229,31810,326,319,329,32810,320,331,323,33410,221,333,225,33510,273,367,276,370
==============End of a case==============
0,257,138,280,1430,251,139,254,1400,246,140,249,1410,239,141,245,1430,235,143,238,1450,283,144,292,1500,240,147,249,1500,282,150,286,1540,229,153,231,1560,287,154,290,1570,298,156,309,1680,217,159,225,1670,257,159,265,1610,230,163,239,1680,273,163,277,1650,219,171,227,1800,197,192,201,1960,213,194,215,1980,319,204,340,2220,178,207,188,2200,176,221,179,2250,193,224,200,2300,334,224,337,2260,184,227,187,2300,172,230,175,2330,348,230,353,2330,177,231,180,2330,194,231,203,2380,337,233,338,2360,195,239,201,2420,165,240,169,2450,312,240,316,2440,195,243,198,2460,300,244,310,2490,156,247,168,2630,325,248,330,2540,184,250,190,2530,363,251,374,2630,183,259,195,2690,156,264,162,2670,343,271,357,2900,339,272,342,2740,163,280,167,2820,359,294,360,2980,161,298,166,3040,169,300,170,3030,162,307,165,3080,172,318,174,3220,350,324,353,3280,352,334,354,3390,192,377,205,3840,206,383,215,387
1,250,139,254,1411,256,139,275,1431,241,140,249,1431,277,142,287,1481,234,144,238,1461,223,147,232,1531,240,147,248,1501,288,148,291,1501,235,150,239,1521,281,151,289,1571,292,151,295,1541,226,154,231,1591,256,159,259,1611,261,159,283,1691,214,160,225,1711,284,169,290,1721,297,180,299,1831,211,183,214,1851,196,194,200,1981,319,203,323,2081,323,207,327,2101,195,209,198,2121,327,211,331,2141,175,213,184,2261,331,214,342,2231,333,224,341,2291,190,226,205,2401,171,229,175,2331,341,230,345,2321,210,234,213,2371,312,240,316,2441,166,242,168,2451,195,243,200,2461,190,247,193,2501,325,247,330,2551,156,248,169,2631,181,254,184,2571,171,265,187,2771,339,271,341,2741,343,276,352,2841,170,281,175,2891,352,285,355,2881,169,294,173,3101,343,294,345,2971,161,299,167,3041,349,313,356,3251,172,320,174,3291,343,330,345,3411,351,331,355,3391,172,338,185,359
2,247,139,286,1482,227,145,238,1512,243,148,248,1502,287,149,290,1512,236,150,240,1522,281,151,289,1582,219,154,222,1572,297,157,305,1652,256,159,269,1622,291,160,305,1762,271,162,280,1652,285,168,290,1732,304,177,323,2102,196,193,200,1982,323,207,326,2102,302,208,315,2242,204,210,217,2222,327,210,339,2222,177,214,186,2232,301,222,303,2252,193,226,204,2362,338,226,344,2312,172,229,176,2342,176,232,178,2352,173,238,175,2412,296,238,298,2412,313,240,316,2442,196,243,200,2462,171,244,172,2472,301,245,306,2472,325,247,328,2542,155,248,171,2732,185,252,188,2552,187,254,193,2582,176,264,187,2722,168,272,175,2782,168,272,183,3062,343,275,349,2842,151,282,154,2872,151,298,152,3032,359,298,360,3012,164,300,167,3042,348,312,356,3242,348,316,351,3182,155,318,157,3212,156,325,159,3272,350,328,356,3392,175,344,177,3482,341,361,343,3642,190,375,199,3812,209,385,213,3872,272,408,275,410
3,235,143,243,1473,222,147,234,1553,243,149,248,1503,235,151,239,1533,286,155,289,1583,215,159,227,1713,260,159,267,1613,291,160,300,1693,237,161,242,1643,221,167,233,1773,285,167,288,1703,294,177,300,1883,219,178,221,1823,215,183,219,1933,214,195,215,1983,190,200,209,2133,204,211,211,2163,304,211,315,2243,213,225,216,2273,193,226,199,2313,172,229,176,2343,197,231,204,2383,301,231,304,2343,198,239,201,2423,167,241,169,2443,313,241,316,2443,334,245,339,2523,185,249,190,2533,324,250,328,2543,317,255,325,2633,330,256,333,2593,178,263,184,2713,155,267,160,2713,166,278,169,2813,151,283,153,2863,336,285,345,2983,375,287,376,2923,344,299,346,3023,163,300,167,3033,345,303,347,3083,339,308,358,3273,174,320,176,3273,340,329,343,3323,341,361,343,3653,273,405,275,410
4,229,144,244,1514,236,151,239,1534,222,159,227,1644,256,159,259,1614,263,159,266,1604,290,160,295,1654,235,161,245,1664,299,161,304,1664,296,166,299,1694,215,169,229,1934,191,202,196,2084,177,218,181,2234,176,224,178,2274,341,228,344,2314,199,231,212,2364,352,238,356,2404,198,239,202,2424,166,242,169,2454,306,243,313,2494,168,247,170,2504,324,247,328,2554,154,252,157,2554,329,252,332,2554,329,256,334,2604,321,258,325,2624,151,270,159,2874,177,274,180,2774,374,284,375,2874,170,289,172,2934,170,294,171,3014,342,294,345,2994,358,297,359,3004,373,298,376,3034,169,302,172,3104,371,307,372,3104,347,314,354,3204,173,316,175,3204,351,327,356,3384,174,329,175,3344,366,334,368,3374,174,335,180,3534,168,351,171,3534,183,367,186,3694,324,383,328,3864,241,391,246,3924,257,393,260,3964,262,394,270,4004,273,403,276,407
5,232,144,244,1505,225,150,231,1545,217,154,234,1695,226,167,231,1725,186,202,209,2145,306,211,309,2145,325,211,341,2235,185,215,189,2195,195,224,198,2275,175,226,178,2295,214,226,217,2295,200,232,209,2365,167,242,169,2455,323,246,329,2555,155,247,162,2535,329,252,332,2565,185,257,191,2675,181,268,185,2715,177,274,180,2765,171,282,175,2915,343,284,346,2855,166,293,169,2975,169,303,171,3105,346,312,355,3185,352,327,353,330
6,228,149,234,1536,233,153,236,1556,223,158,229,1656,288,159,293,1646,217,165,222,1706,305,194,312,2006,187,203,200,2146,324,209,327,2126,204,212,210,2166,320,216,323,2176,329,219,333,2226,194,222,197,2266,355,228,358,2316,201,232,205,2366,302,243,305,2466,306,245,310,2506,323,246,329,2546,319,254,325,2646,336,257,338,2636,169,258,188,2766,338,274,340,2776,164,277,170,2806,165,278,178,2976,164,281,166,2856,342,282,347,2886,358,298,360,3016,348,313,352,3196,269,399,278,406
7,229,151,232,1537,217,153,228,1627,233,154,236,1557,223,156,232,1657,285,156,290,1617,256,159,268,1607,226,160,247,1727,278,162,281,1647,282,164,286,1677,215,167,221,1737,287,169,295,1787,218,175,223,1827,296,179,300,1847,188,203,197,2147,197,204,208,2107,322,207,340,2227,205,212,210,2167,182,215,186,2197,329,219,334,2227,176,224,178,2297,177,230,181,2337,166,243,170,2477,304,245,307,2487,323,246,329,2547,156,247,163,2547,316,253,325,2637,337,259,342,2807,321,267,328,2747,178,271,182,2757,165,278,179,3157,343,287,347,2897,153,301,155,3057,360,305,363,3067,154,308,158,3197,348,312,354,3207,175,323,177,3377,349,324,353,3287,178,348,180,3517,185,369,188,3737,194,377,200,3827,329,383,334,3887,275,392,280,3947,255,395,258,3997,271,400,279,407
8,230,149,237,1538,237,151,243,1548,233,154,236,1568,218,157,231,1708,256,158,259,1598,215,162,239,1938,208,185,211,1888,188,205,197,2148,198,205,207,2118,322,207,337,2198,336,220,343,2268,194,222,197,2258,303,223,310,2318,176,224,179,2298,209,235,212,2388,171,236,173,2398,199,242,203,2458,165,243,170,2488,195,246,198,2498,322,246,329,2548,336,253,338,2568,337,258,340,2698,181,267,184,2708,325,269,331,2818,178,272,181,2758,154,276,158,2878,343,287,346,2908,338,289,345,3008,346,291,348,2948,153,293,154,2978,349,304,359,3208,346,306,347,3128,155,313,157,3188,350,325,356,3338,176,328,177,3318,175,332,181,3518,356,336,358,3398,340,337,342,3478,185,367,196,3798,203,383,209,3868,210,385,213,3868,331,385,339,3898,220,387,223,3888,287,396,291,3978,254,398,257,4028,300,400,304,402
9,246,144,286,1539,241,147,244,1489,239,151,243,1539,287,153,294,1599,285,157,294,1669,225,159,229,1639,242,159,247,1629,262,159,269,1609,278,161,302,1929,226,162,240,1719,221,164,224,1689,212,173,216,1789,194,206,197,2099,198,206,208,2119,188,210,192,2149,327,211,343,2269,205,214,208,2179,176,225,178,2299,330,225,332,2289,170,235,175,2419,201,238,205,2429,322,246,329,2549,336,253,338,2599,157,254,160,2579,337,260,339,2679,180,269,183,2729,328,273,332,2789,154,278,157,2839,371,278,373,2879,341,285,349,2969,372,288,376,2989,161,293,163,2969,343,297,349,3119,349,303,359,3289,349,309,352,3129,155,314,157,3199,342,314,348,3269,176,323,178,3319,355,331,361,3369,176,333,177,3369,348,338,350,3419,176,342,182,3539,182,354,184,3579,340,366,342,3699,185,367,191,3749,335,386,339,3899,331,387,334,3909,301,400,305,4029,253,401,255,404
10,218,157,232,17110,256,158,259,15910,285,158,288,16110,244,159,247,16110,224,161,243,17410,289,161,294,16610,281,162,300,18410,184,202,187,20510,201,208,204,21110,323,211,343,22610,328,221,331,22710,304,224,312,23210,171,236,174,24010,201,238,207,24410,321,245,333,25410,193,249,197,25310,335,251,337,25510,157,258,161,26110,163,258,167,26110,337,263,339,26710,179,268,184,27310,155,279,158,28210,341,280,351,30510,167,281,179,29910,154,285,156,28910,348,301,358,31610,170,309,173,31710,343,319,347,32610,176,326,179,34010,358,334,361,33610,351,346,353,34910,178,347,180,35110,192,376,195,37910,208,385,212,38610,331,389,334,39210,298,401,303,404
11,232,147,245,15311,218,154,229,16311,260,159,274,16111,219,161,228,17111,230,164,234,16811,204,173,217,19211,187,203,193,20911,325,212,348,23111,304,224,313,23211,202,237,208,24111,328,244,333,24911,157,249,164,25411,365,255,374,26911,183,256,189,26611,158,258,162,26111,318,260,323,26311,338,262,340,26911,323,265,326,27011,157,273,158,27611,328,275,333,28011,334,281,354,30811,165,282,178,30011,161,284,165,29211,373,291,374,29511,354,301,357,30511,354,306,355,31011,349,311,354,31811,157,315,159,31911,370,315,371,32011,351,323,354,32511,348,338,352,34111,176,342,178,34511,185,367,192,37511,261,397,264,40211,296,402,300,405
12,231,152,234,15412,229,156,234,16012,265,158,270,16012,225,161,228,16512,287,168,291,17212,291,173,300,18412,221,175,222,17812,214,178,221,19612,200,197,203,20012,303,225,312,23212,197,243,201,24712,188,244,191,24712,197,248,200,25112,336,257,341,27212,320,259,323,26212,373,261,376,26412,183,263,187,26612,180,268,183,27212,341,273,343,27712,330,275,333,27812,345,282,348,28512,162,285,166,29312,339,287,356,31012,372,287,374,29512,347,310,357,33112,368,310,371,32312,156,315,158,31812,173,321,176,32412,177,325,183,35312,343,325,346,32812,155,332,158,33612,339,338,340,34912,349,338,352,34012,166,343,169,34512,340,358,343,36312,338,388,340,39112,266,403,269,405
13,231,156,235,15913,246,158,249,15913,265,158,268,15913,225,162,228,16513,219,166,224,17113,213,173,218,17913,323,208,326,21013,326,211,344,22613,325,217,327,22313,179,220,181,22313,304,226,312,23213,348,231,351,23413,353,237,355,24013,209,238,213,24213,187,243,191,24713,192,245,195,24913,198,246,201,24913,157,254,162,25813,187,254,192,25913,325,254,330,26413,364,256,374,27113,336,258,337,26113,185,259,189,26213,320,259,323,26313,183,264,186,26713,325,267,328,27013,170,274,173,27813,329,275,334,28013,173,280,176,28213,342,289,356,32213,163,290,165,29513,167,291,170,29313,338,291,342,29313,356,291,357,29513,372,292,375,29913,170,314,173,32013,352,320,354,32313,172,322,174,32513,344,324,347,32913,354,324,356,32913,363,339,367,34213,178,344,179,34713,183,363,186,36813,336,384,338,38713,338,387,342,39113,262,395,266,39913,214,411,217,414
14,238,149,241,15214,237,152,241,15514,287,161,290,16414,219,162,228,17214,291,164,298,17214,299,173,307,18514,306,186,322,20614,300,211,304,21514,324,211,344,22414,217,226,220,22914,304,227,310,23114,201,240,206,24514,170,241,172,24414,184,241,188,24714,188,241,197,24914,357,248,363,25214,309,250,313,25314,325,254,330,26314,184,255,187,25814,316,256,334,28314,335,259,337,26214,179,268,182,27114,338,268,341,27214,176,274,178,27714,368,275,370,27814,346,282,349,28614,332,285,357,31514,162,288,171,30114,153,304,155,30714,170,316,171,32014,339,318,349,33314,353,320,355,32414,355,326,356,32914,338,343,340,34614,307,390,315,39214,275,404,278,406
15,244,148,247,14915,238,152,244,15415,282,157,285,15915,229,158,232,16015,217,161,222,16515,287,161,290,16415,222,163,227,16915,216,170,221,17515,213,196,214,19915,316,202,323,20715,323,209,326,21115,326,217,329,22015,224,225,228,22915,347,230,354,24115,292,236,295,23815,290,240,293,24215,170,241,172,24415,187,242,196,25415,294,242,297,24315,353,242,359,24515,356,247,364,25215,361,256,363,25915,185,257,187,26015,336,261,339,26715,154,263,157,26615,180,268,182,27215,339,269,347,28315,176,273,180,27915,371,280,376,28815,342,290,364,32915,167,293,170,29915,372,294,374,29815,333,358,336,36115,335,382,339,38615,282,405,287,40715,288,422,291,425
16,244,148,247,14916,242,152,245,15316,226,155,230,15816,231,156,234,16016,260,157,273,16016,217,159,225,16616,235,160,241,16316,287,161,290,16416,205,163,234,19516,223,164,226,16816,291,164,293,16716,294,168,299,17416,218,169,222,17316,300,176,323,20816,206,206,209,20916,325,210,341,22016,182,211,189,21916,324,217,326,22016,179,220,182,22416,216,225,219,22916,302,227,308,23216,356,242,359,24416,324,250,326,25316,365,259,374,27216,327,269,331,27516,370,275,372,27816,331,277,335,28116,372,281,374,28516,334,288,345,30316,162,290,170,30916,167,290,174,31216,342,291,358,31616,373,294,374,29716,154,307,157,31416,348,317,351,32116,155,319,158,32016,169,324,172,32716,171,339,175,34616,177,341,179,34516,184,363,197,37816,352,370,355,37316,201,381,204,38216,335,382,338,38416,208,383,225,38816,228,388,233,38916,308,391,313,39316,298,392,304,39316,266,394,269,39616,260,399,264,40016,266,400,272,40216,285,404,289,406
17,249,147,277,15117,245,148,248,14917,234,151,237,15317,227,154,231,15717,235,154,238,15617,231,157,234,15917,275,159,278,16117,219,165,226,17217,214,177,219,18417,205,193,208,19617,202,196,206,19917,310,196,313,19917,213,197,214,20017,195,207,198,21017,325,209,328,21217,333,217,336,22017,323,222,333,23517,210,225,221,23717,223,226,226,22917,302,227,308,23217,341,229,348,23117,299,233,302,23617,189,243,193,24717,202,244,205,24717,196,245,199,24817,302,245,305,24817,322,249,328,25417,169,258,193,27817,364,258,375,27217,339,268,341,27217,330,270,332,27517,342,275,352,28817,331,278,335,28217,158,287,170,31517,350,292,352,29917,358,293,361,29717,372,294,374,29717,169,295,171,30017,347,298,359,31717,374,305,378,30917,168,322,171,32717,157,329,160,33217,169,336,178,34717,183,363,187,36917,192,375,195,37717,335,381,338,38417,209,383,219,38717,260,395,264,39817,267,400,274,40317,289,402,292,405
18,249,147,273,15018,274,150,277,15118,234,151,238,15318,278,151,295,16318,237,153,240,15518,228,154,235,15918,223,165,225,16918,218,171,221,17418,290,171,294,17518,213,178,218,18418,206,213,210,21618,209,221,213,22418,192,225,195,22818,216,225,221,22918,210,226,220,23618,302,227,309,23318,187,232,203,24618,298,233,301,23618,205,238,208,24118,351,238,355,24118,211,239,214,24218,356,240,359,24318,185,247,189,25018,158,253,161,25618,320,257,323,26318,364,258,374,27418,177,269,182,27918,326,269,333,27618,338,269,340,27218,330,277,333,28218,156,278,157,28118,176,280,178,28318,155,282,156,28518,347,284,350,28818,153,286,155,29318,164,289,174,30718,350,292,353,29718,370,293,373,29718,343,294,346,29718,352,298,358,30718,344,303,350,30718,374,305,379,30918,162,307,165,31318,348,310,353,31718,353,315,354,31818,368,318,370,32318,167,322,171,32718,157,328,160,33118,366,330,371,33918,168,336,178,34818,336,355,342,36018,189,372,192,37618,334,381,337,38318,259,390,265,39618,315,400,318,406
19,250,147,273,15019,242,148,246,15019,234,151,240,15619,277,151,288,15819,233,155,235,15819,263,156,271,15819,233,158,243,16319,281,158,284,16019,222,165,225,16919,212,185,215,18819,304,193,311,19819,195,208,198,21119,319,219,323,22319,209,220,213,22519,183,224,187,22719,192,225,196,22919,211,227,219,23519,300,227,309,23319,177,230,180,23419,188,230,203,24419,291,232,294,23519,295,233,298,23719,356,240,359,24319,188,247,195,25419,332,248,333,25319,175,255,187,27819,321,259,323,26219,365,260,375,27419,328,272,334,28119,175,279,178,28219,164,288,174,32819,344,294,347,29719,351,294,353,29719,347,297,360,32819,154,302,155,30519,368,307,370,31719,154,308,156,31119,162,310,165,31719,369,318,371,32219,173,329,177,33419,366,335,370,33819,166,337,182,35119,361,340,365,34119,183,364,185,36719,186,368,196,37719,336,381,339,38419,259,388,264,39619,273,400,277,402
20,251,147,275,15120,241,148,246,15320,234,151,237,15520,279,152,285,15620,230,156,235,16020,247,156,250,15820,271,157,274,15920,281,158,284,16020,222,159,225,16220,275,159,279,16120,288,169,297,18120,212,184,216,18820,327,211,346,22620,324,214,328,21620,320,219,323,22320,180,222,183,22520,196,222,199,22520,189,225,203,24220,211,227,217,23320,351,230,355,23420,172,239,174,24220,290,241,293,24420,357,241,359,24520,318,254,321,25720,366,258,375,27620,185,259,188,26220,327,260,330,26420,320,261,323,26320,323,267,326,26920,332,274,335,27720,332,278,335,28320,332,284,352,32320,348,285,353,28920,352,294,357,30620,161,295,164,29820,344,296,348,30020,161,313,165,31920,166,337,177,34920,177,337,183,35120,343,354,346,35620,184,355,186,35920,183,364,187,36920,190,372,196,37720,319,386,322,38720,314,387,318,38920,259,388,264,39520,307,390,311,39220,209,401,212,40320,281,403,286,40520,263,405,266,407
21,250,147,272,15021,241,148,246,15121,273,150,277,15221,238,153,241,15521,231,157,234,15921,225,163,227,16621,217,173,219,17821,299,173,320,19921,213,177,216,18221,199,205,202,20821,325,210,345,22521,205,218,211,22321,199,220,202,22321,195,223,199,22721,211,225,224,23821,351,231,355,23721,299,243,303,24721,356,243,359,24521,195,248,207,25221,307,251,312,25421,365,260,374,27621,329,262,331,26521,177,263,185,27721,170,273,176,27721,341,274,347,28321,333,275,336,27921,369,277,372,28521,348,285,350,28921,335,289,338,29421,351,294,354,29821,338,295,352,32021,344,296,347,30021,161,314,165,32021,164,336,177,34821,183,363,185,36721,259,388,264,39321,269,389,272,39221,304,390,310,39221,207,398,211,40321,271,402,288,405
22,250,147,277,15222,242,148,245,15022,269,156,279,16122,231,157,234,15922,301,175,322,19822,214,177,218,18422,211,185,214,18822,331,212,340,21922,182,216,185,22022,204,217,208,22022,201,219,204,22222,196,221,201,22622,210,221,213,22422,303,225,309,23322,350,231,355,23822,213,235,217,23822,170,240,174,25022,292,242,296,24622,312,250,315,25322,363,255,366,25722,315,257,318,26022,366,261,374,28422,328,262,331,26522,333,264,339,27022,157,271,159,27422,333,276,336,27922,154,286,156,29122,154,294,156,29822,351,295,362,30122,153,299,155,30422,366,300,370,30822,154,309,156,31222,347,309,354,31722,348,318,350,32422,355,320,357,32422,174,331,180,34422,165,336,176,34822,180,345,183,35122,176,348,179,34922,182,352,186,35822,336,353,342,36022,334,377,339,38222,200,392,207,39722,267,401,270,40422,271,402,282,40522,304,403,307,40722,301,409,304,412
23,250,147,263,14923,264,148,271,15023,272,150,277,15223,265,155,270,15623,238,157,241,15823,279,159,284,16523,284,161,289,16423,225,163,228,16623,286,166,290,17023,291,171,295,17723,210,185,214,18923,303,189,312,19923,207,205,210,20923,328,209,332,21123,206,213,209,21723,321,213,327,21523,333,213,348,22923,195,219,204,22823,209,221,214,22623,301,225,309,23423,349,231,355,23823,328,236,331,23923,201,239,204,24223,306,239,318,24923,356,242,361,24723,199,247,205,25123,359,249,362,25123,333,261,339,27223,328,262,332,26623,324,266,329,27123,340,271,342,27423,335,277,336,28023,368,280,371,28423,368,286,372,29123,154,287,156,29123,372,295,378,30223,353,298,354,30123,164,302,167,30723,343,302,351,33323,154,308,155,31123,369,311,371,31523,162,314,178,33623,164,336,173,34623,178,339,181,34723,327,349,339,36423,253,389,265,39323,199,391,202,39323,267,401,280,40523,259,403,263,40423,222,409,225,411
24,246,147,265,14924,242,149,245,15224,273,150,277,15224,219,157,228,16624,225,161,230,16524,292,165,298,17124,218,172,223,17824,205,185,215,20824,326,209,332,21224,331,213,348,22924,205,218,209,22124,196,220,205,22824,210,222,213,22524,301,225,308,23224,349,231,355,23724,214,235,217,23824,155,238,169,25924,307,239,317,24924,289,242,294,24624,358,242,359,24524,195,249,205,25224,360,250,363,25224,328,261,332,26624,333,262,339,27624,341,272,346,28024,338,291,340,29424,343,292,346,29424,345,299,349,30224,348,306,354,31424,353,320,356,32124,164,336,172,34624,339,351,345,35724,183,362,196,37724,253,389,260,40224,199,390,202,39324,233,409,238,414
25,243,147,264,15025,272,150,277,15225,231,151,238,15525,282,155,290,16225,231,156,235,16025,223,157,228,16225,294,167,298,17225,292,172,296,17625,203,186,215,20925,326,209,329,21125,323,212,326,21425,330,213,349,22825,205,217,209,22225,196,220,204,22925,301,225,308,23225,350,232,355,23725,212,233,215,23625,309,240,317,24725,171,242,173,24725,289,242,294,24625,356,243,361,24825,332,248,334,25625,197,249,201,25225,359,250,363,25225,166,252,169,25725,319,255,321,25825,364,256,375,27825,171,259,193,28725,327,261,332,26625,333,263,341,27225,325,267,337,28325,342,273,348,28225,349,284,352,28825,162,286,174,31525,344,292,358,32725,343,293,346,29425,345,298,350,30425,153,304,156,31025,165,316,177,33925,357,321,359,32425,347,331,349,33425,163,337,171,34725,178,339,184,35425,341,352,344,35425,348,354,350,35925,171,360,175,36425,181,361,185,36425,274,388,295,39325,311,389,314,39025,253,390,260,39625,306,390,309,39125,243,396,246,39925,253,399,257,40325,280,400,283,40125,236,406,241,41125,211,407,214,41025,285,419,289,422
26,241,147,261,15226,263,148,270,15026,272,150,278,15326,229,151,245,16026,263,155,274,15726,224,158,228,16226,221,166,225,17126,293,168,299,17326,196,172,221,20726,323,212,326,21426,197,218,214,22826,202,229,224,24326,349,232,354,23826,193,236,197,24026,289,242,293,24426,354,243,361,25126,331,247,333,25326,201,249,204,25226,363,257,367,26226,173,259,190,28726,156,260,159,26326,365,260,374,28026,328,262,332,26526,334,263,341,27326,154,266,157,27126,324,268,331,27526,330,276,338,28426,344,277,347,28226,162,286,174,31326,352,293,354,29726,345,299,348,30226,352,299,353,30326,352,304,353,30726,156,306,159,31026,351,310,353,31426,349,316,354,32726,339,335,347,34026,165,337,171,34426,172,344,175,34626,336,344,339,34626,342,352,346,35426,181,361,184,36526,334,378,339,38226,199,386,201,38926,218,386,223,38826,272,388,276,38926,277,389,287,39226,253,390,257,39426,259,392,262,39426,241,393,249,40426,253,400,256,403
27,249,147,260,14927,240,148,247,15227,225,158,228,16127,287,165,291,16827,293,168,299,17427,210,183,216,19127,209,193,212,19627,210,199,213,20327,321,212,328,21527,197,218,216,22827,344,219,349,22427,180,227,183,23127,175,237,179,24027,207,238,212,24227,171,242,176,24927,310,242,315,24627,357,245,362,24927,312,249,319,25427,360,252,366,25527,161,253,166,25727,319,255,323,26127,156,257,162,26427,335,265,338,27027,326,267,332,27427,175,270,179,27527,338,271,340,27427,173,280,176,28327,336,281,339,28427,159,287,174,31327,337,287,341,29127,351,296,353,30627,345,298,348,30227,152,307,154,31027,347,309,349,31327,351,310,356,31827,367,313,373,31927,165,315,174,33527,174,336,176,34027,167,337,171,34327,179,346,181,35027,340,351,346,35627,253,390,257,39427,243,392,250,40027,283,395,286,39627,307,395,310,39727,293,408,297,409
28,230,147,259,15928,287,163,292,16728,292,167,299,17428,214,168,224,18028,202,198,212,20928,326,213,329,21428,196,216,216,23128,308,241,316,24728,356,246,359,25028,359,250,364,25428,160,252,166,25828,325,255,327,25828,363,258,369,26428,325,266,328,26828,338,268,342,27528,327,270,333,27628,173,275,182,28528,337,282,339,28528,162,286,177,31428,336,286,340,29028,152,291,157,29428,351,295,353,30728,341,296,350,30028,349,311,356,31828,164,315,166,31928,165,320,166,32328,166,324,169,32928,169,330,171,33328,352,334,355,33528,167,339,170,34328,336,351,347,36128,244,386,251,38728,263,388,266,38928,252,389,256,39328,271,390,274,39228,281,395,286,39728,206,397,209,400
29,224,147,259,16329,267,153,278,16029,287,162,299,17529,208,189,210,19229,306,197,307,20029,198,204,201,20729,319,212,323,21329,205,214,209,21829,198,227,201,23029,309,242,316,24829,203,243,206,24629,332,250,337,26129,319,256,324,26129,363,258,369,26329,156,261,159,26429,336,262,352,28729,368,264,370,26729,327,270,335,27829,337,283,342,29029,173,287,175,29029,162,288,174,31729,351,289,355,30629,340,295,342,29829,368,299,373,30329,347,303,349,30629,351,311,358,31929,163,320,165,32329,351,323,352,32629,166,326,168,32929,350,328,353,33129,344,351,347,35229,252,389,256,39329,273,389,276,39129,311,394,316,39729,281,395,286,39729,285,408,288,412
30,245,147,260,14930,229,157,232,16030,291,167,300,17630,197,201,203,20730,206,214,209,21730,291,235,295,23830,353,238,363,25230,309,242,314,24630,191,244,196,25430,304,245,309,24830,333,255,336,26030,172,258,190,28530,321,258,323,26130,364,259,369,26630,325,266,335,28230,337,268,343,27630,372,269,375,27330,372,275,375,27930,332,285,353,32130,164,287,176,30430,152,307,154,31130,352,311,356,31730,167,341,169,34430,176,344,179,34930,344,350,348,35330,341,353,344,35630,183,365,187,36930,192,374,195,37630,260,388,264,39030,249,389,256,39230,207,393,210,39630,281,396,285,397
31,270,150,273,15231,237,152,241,15631,275,152,281,15631,253,153,256,15531,262,153,273,15731,226,156,237,16431,289,168,297,17631,205,194,212,20331,190,212,192,21531,206,214,209,21731,199,218,219,23131,353,238,359,24531,309,242,313,24531,331,246,332,25031,364,253,365,25731,325,254,328,25731,319,255,323,26531,332,255,334,25931,323,267,331,27131,336,269,344,27631,178,271,181,27431,172,282,175,28531,338,285,341,28831,337,288,340,29231,339,293,346,29731,153,296,158,30631,351,301,354,30731,347,303,350,30731,346,307,349,31131,153,308,154,31131,350,308,359,31831,160,311,165,31931,351,319,355,32731,358,322,361,32631,164,325,171,33731,350,328,352,33431,166,341,169,34431,344,351,349,35431,352,355,357,36931,187,370,194,37631,332,389,337,39331,267,411,271,415
32,266,153,271,15532,288,165,294,17032,291,172,299,18332,213,182,216,18632,205,187,213,20332,194,202,204,21032,203,206,206,20732,199,213,217,22832,304,222,307,22532,351,234,354,23732,354,238,358,24232,197,242,205,24532,289,243,294,24532,331,247,335,25832,361,250,366,25932,324,253,327,25632,335,260,343,27632,371,271,375,27632,346,279,353,28732,338,284,340,28732,351,292,353,29532,369,298,373,30132,348,300,354,30632,367,308,369,31232,159,309,166,32032,352,310,357,31632,153,314,155,31832,361,318,366,32132,350,331,353,33432,344,340,347,34332,166,342,168,34532,347,347,353,34932,343,351,348,35532,335,357,341,36432,353,366,355,36932,337,388,343,39232,331,392,334,39532,256,410,260,414
33,252,152,255,15333,266,153,272,15733,286,167,290,17033,219,170,224,17733,213,178,219,18533,321,204,324,20733,201,206,207,21133,304,209,318,22033,335,211,340,21633,199,214,217,22833,186,218,188,22133,178,233,180,23733,205,238,217,24333,287,242,296,24633,173,243,176,24633,165,248,173,25933,317,252,320,25633,323,253,326,25533,333,253,336,25833,321,258,323,26133,325,260,348,28033,154,262,160,26833,370,270,374,27433,155,280,156,28433,349,283,353,28833,337,285,343,28933,164,287,175,30833,347,293,354,30733,369,299,373,30233,159,309,167,32133,352,312,357,31933,153,315,155,31833,164,325,172,34033,361,328,364,33133,165,342,168,34633,344,349,350,35433,356,356,359,36633,337,386,341,38933,316,391,322,39533,303,398,306,401
34,264,153,271,15634,291,171,295,17534,220,172,222,17534,214,180,217,18534,207,186,214,19734,324,201,334,21034,202,209,207,21334,304,210,318,22034,206,214,209,21734,200,225,204,22834,355,240,358,24334,206,241,214,24534,286,241,292,24434,305,242,313,24734,197,243,201,24734,325,243,328,24834,357,244,361,24734,166,248,173,25834,190,248,193,25134,331,250,347,27834,163,259,166,26234,168,259,189,28834,328,268,332,27134,370,270,374,27434,151,275,155,27934,335,281,338,28434,349,283,352,28634,364,283,366,28734,336,286,344,29434,155,288,174,32734,352,290,355,29234,366,291,369,29434,341,297,364,32934,153,315,155,31834,164,329,172,34034,337,339,349,34934,165,343,168,34634,358,354,360,35734,359,358,363,36034,357,362,360,36634,351,377,353,38034,333,384,337,38734,338,385,342,38834,248,388,254,39334,318,392,323,39534,233,402,236,405
35,264,152,271,15735,215,180,218,18435,301,191,305,19735,305,198,308,20135,328,204,337,21235,304,210,317,22035,335,212,343,21935,195,214,219,24435,304,221,307,22435,301,224,303,22735,214,235,217,23835,190,240,194,24335,211,241,218,24535,324,244,329,24835,361,250,363,25335,166,252,170,25735,363,262,367,26535,325,263,327,26635,335,264,347,27835,368,265,373,27135,364,268,368,27235,329,271,331,27435,333,279,337,28135,336,286,345,29135,351,290,353,29435,342,298,345,30135,346,298,349,30235,350,300,353,30435,348,305,357,31835,360,316,364,32035,168,336,178,34935,361,340,365,34335,164,343,167,34635,361,344,365,34635,347,347,351,34935,359,355,364,35935,167,357,170,36035,351,378,354,38135,329,384,342,39135,247,391,255,39435,320,392,330,395
==============End of a case==============
